"pm"
4.88858801529898
0.203189492340679
1.56958450217498
0.460308025121915
1.95141773191257
3.87128415895995
1.17381820627271
4.98669006349908
4.72577717819227
1.56957717812818
1.88355733688865
1.21223232168968
0.111840771281071
2.44100043959312
0.920997326252501
6.23071176829954
0.219148943152617
0.314688304485011
0.520309237150955
2.27995542505203
0.678677518853086
0.377794250568686
0.717260041149095
2.3441319080364
0.207036491244995
0.590729832650922
1.06154577444539
0.261533823731665
4.04603714576312
8.80889600851209
2.45506698757151
0.109107067312552
1.26312041388341
1.16285440743821
3.22818746879542
1.05741389301192
4.32479029261068
0.496206492089773
0.255687965719945
1.08739093773289
1.62574266447316
1.65489671979539
0.514868229674941
0.130929563904981
19.4176046792607
0.411855071374282
1.27013357469095
0.614369200508387
4.05809662598826
1.31239094596415
1.94672604949754
1.07696861246983
0.862881912767052
0.920536301677041
2.96934115146308
12.6170537488963
1.39692491039849
1.471233609364
0.369252346303299
0.643799370689571
0.795229568265324
2.08219630132618
1.53368218847994
1.86252890288438
0.875500982852791
1.49164455728621
0.484120882603159
5.34587285332215
1.2500010595228
1.38383141666567
0.396095263481343
0.930572560130032
1.11175258195182
2.93728989907929
1.41465534007935
0.913022000475001
1.11870801310623
1.59805265525794
5.7102274432646
4.39159078028439
1.87234567670508
0.755432168420972
2.25112819031628
0.495574075682583
1.26139844617186
0.354408033567445
0.0729157537862877
0.560362420418518
4.14554575952637
0.546992174740219
0.856737903222684
1.11283144125861
1.26074748794974
0.518724828579559
0.734731296211888
1.20902423818417
2.00202398770746
1.50204755233782
0.339660762281346
2.20998724529063